Python 2.7.11 (v2.7.11:6d1b6a68f775, Dec  5 2015, 20:40:30) [MSC v.1500 64 bit (AMD64)] on win32
Type "copyright", "credits" or "license()" for more information.
>>> 
 RESTART: N:\DevMOOC\UdacityMLnd\P5CapstoneFusion\5Rework4a\Capstone-LalitAPatel-R4-Part2Analyze.py 
========================================================================================================================
Summary by episode alpha gamma (sorted by reward):

    Episode  Alpha__  Gamma__  StepQty  AddItem  CnvItem  TotRewd   AvgRewd  IniIndx
0         0     0.00     0.00     9000     2910     6090    18000  2.000000        0
1         1     0.20     0.87     9000     2150     6850    57510  6.390000        1
2         2     0.66     0.03     9000     2303     6697    53170  5.907778        2
3         3     0.04     0.88     9000     2865     6135    15840  1.760000        3
4         4     0.70     0.53     9000     2075     6925    60040  6.671111        4
5         5     0.14     0.64     9000     2259     6741    56220  6.246667        5
6         6     0.48     0.23     9000     2276     6724    54960  6.106667        6
7         7     0.95     0.78     9000     2123     6877    60470  6.718889        7
8         8     0.70     0.33     9000     2027     6973    62120  6.902222        8
9         9     0.25     0.88     9000     1968     7032    62630  6.958889        9
10       10     0.53     0.01     9000     2351     6649    53640  5.960000       10
11       11     0.53     0.80     9000     2040     6960    60820  6.757778       11
12       12     0.03     0.67     9000     2794     6206    20040  2.226667       12
13       13     0.52     0.62     9000     2269     6731    54160  6.017778       13
14       14     0.46     0.37     9000     2112     6888    60210  6.690000       14
15       15     0.46     0.88     9000     2220     6780    55810  6.201111       15
16       16     0.39     0.45     9000     2223     6777    56530  6.281111       16
17       17     0.61     0.82     9000     2026     6974    61930  6.881111       17
18       18     0.42     0.68     9000     2172     6828    57970  6.441111       18
19       19     0.37     0.91     9000     2063     6937    61890  6.876667       19
20       20     0.77     0.86     9000     1989     7011    63360  7.040000       20
21       21     0.59     0.94     9000     2104     6896    58940  6.548889       21
22       22     0.72     0.87     9000     2117     6883    58540  6.504444       22
23       23     0.91     0.11     9000     2232     6768    55880  6.208889       23
24       24     0.55     0.60     9000     2075     6925    59380  6.597778       24
25       25     0.91     0.70     9000     2133     6867    58700  6.522222       25
26       26     0.78     0.51     9000     2034     6966    61620  6.846667       26
27       27     0.39     0.76     9000     2017     6983    62190  6.910000       27
28       28     0.61     0.22     9000     1964     7036    63030  7.003333       28
29       29     0.65     0.47     9000     2190     6810    56280  6.253333       29
30       30     0.30     0.84     9000     2237     6763    54700  6.077778       30
31       31     0.77     0.86    18000     3956    14044   124860  6.936667       31

Warning (from warnings module):
  File "N:\DevMOOC\UdacityMLnd\P5CapstoneFusion\5Rework4a\Capstone-LalitAPatel-R4-Part2Analyze.py", line 44
    zHdc = zHdb.sort(columns='AvgRewd', ascending=False)
FutureWarning: sort(columns=....) is deprecated, use sort_values(by=.....)
========================================================================================================================
Summary of rewards (average per step):

 alpha of max reward   gamma of max rewd      Maximum reward   Random act reward      Minimum reward       Median reward
            0.770000            0.860000            7.040000            2.000000            1.760000            6.504444
========================================================================================================================
Summary of rewards (average per step):

   Epis  Alph  Gamm  Tryl  Step  Rewd  CumRewd  AvgRewd
0     0     0     0     0     0   -10      -10      -10
1     0     0     0     0     1     0      -10       -5
2     0     0     0     0     2    10        0        0
3     0     0     0     0     3     0        0        0
4     0     0     0     0     4     0        0        0
========================================================================================================================
Summary of rewards (average per step):

        Epis  Alph  Gamm  Tryl  Step  Rewd  CumRewd  AvgRewd
189000    21  0.59  0.94     0     0   -10      -10      -10
189001    21  0.59  0.94     0     1   -10      -20      -10
189002    21  0.59  0.94     0     2   -10      -30      -10
189003    21  0.59  0.94     0     3   -10      -40      -10
189004    21  0.59  0.94     0     4     0      -40       -8
>>> 
